
----------------------------------------------------------------------------------------------------------------------------------------------------------------------------------------------------------------
                              Variable                     7/1                   7/164                   7/165                     7/166                   7/167                   7/168                   7/204
                                  Case                    1979    Change college costs  Change borrowing limit  Change earnings profiles    Change college entry    Change college entry                    1997
                               Drivers                                                                                                                                                                          
          PV of lifetime earnings by s  6.27, 6.60, 6.82, 7.17  6.27, 6.60, 6.82, 7.17  6.27, 6.60, 6.82, 7.17    6.32, 6.66, 6.88, 7.14  6.29, 6.63, 6.84, 7.10  6.29, 6.63, 6.84, 7.10  6.29, 6.63, 6.84, 7.10
               Premium relative to HSG        0.33, 0.22, 0.35        0.33, 0.22, 0.35        0.33, 0.22, 0.35          0.34, 0.22, 0.26        0.35, 0.21, 0.26        0.35, 0.21, 0.26        0.35, 0.21, 0.26
              Premium due to selection        0.01, 0.17, 0.10        0.01, 0.17, 0.10        0.01, 0.17, 0.10          0.02, 0.17, 0.10        0.02, 0.16, 0.10        0.02, 0.16, 0.10        0.02, 0.16, 0.10
                     Mean college cost                   2,729                   5,062                   5,062                     5,062                   5,062                   5,062                   5,062
                       Borrowing limit                 -21,893                 -21,893                 -27,393                   -27,393                 -27,393                 -27,393                 -27,393
----------------------------------------------------------------------------------------------------------------------------------------------------------------------------------------------------------------
                             Schooling                                                                                                                                                                          
                         Fraction by s  0.12, 0.35, 0.28, 0.24  0.12, 0.36, 0.28, 0.24  0.12, 0.36, 0.28, 0.24    0.11, 0.36, 0.28, 0.24  0.15, 0.17, 0.32, 0.36  0.15, 0.17, 0.32, 0.36  0.15, 0.17, 0.32, 0.36
                     By IQ: frac enter  0.30, 0.49, 0.64, 0.89  0.30, 0.48, 0.64, 0.89  0.30, 0.48, 0.64, 0.89    0.30, 0.48, 0.64, 0.89  0.51, 0.78, 0.86, 0.96  0.51, 0.78, 0.86, 0.96  0.51, 0.78, 0.86, 0.96
                           - frac grad  0.11, 0.20, 0.29, 0.45  0.11, 0.20, 0.29, 0.45  0.11, 0.20, 0.29, 0.45    0.11, 0.20, 0.29, 0.45  0.23, 0.36, 0.45, 0.58  0.23, 0.36, 0.45, 0.58  0.23, 0.36, 0.45, 0.58
                     By yp: frac enter  0.30, 0.47, 0.61, 0.83  0.30, 0.47, 0.61, 0.82  0.30, 0.47, 0.61, 0.82    0.30, 0.47, 0.61, 0.82  0.51, 0.60, 0.79, 0.92  0.51, 0.60, 0.79, 0.92  0.51, 0.60, 0.79, 0.92
                           - frac grad  0.11, 0.21, 0.28, 0.41  0.11, 0.21, 0.28, 0.40  0.11, 0.21, 0.28, 0.40    0.11, 0.21, 0.28, 0.40  0.22, 0.31, 0.41, 0.53  0.22, 0.31, 0.41, 0.53  0.22, 0.31, 0.41, 0.53
----------------------------------------------------------------------------------------------------------------------------------------------------------------------------------------------------------------
                      College Finances                                                                                                                                                                          
                        Earnings by IQ  8.81, 8.33, 7.56, 6.40  8.95, 8.51, 7.78, 6.67  8.94, 8.48, 7.73, 6.60    8.19, 7.76, 7.06, 6.01  8.51, 8.23, 7.36, 5.88  8.51, 8.23, 7.36, 5.88  8.51, 8.23, 7.36, 5.88
                               - by yp  9.04, 7.72, 7.37, 6.59  9.22, 8.02, 7.59, 6.79  9.18, 7.94, 7.54, 6.75    8.42, 7.26, 6.88, 6.16  8.82, 7.56, 7.18, 6.11  8.82, 7.56, 7.18, 6.11  8.82, 7.56, 7.18, 6.11
                       Transfers by IQ  4.97, 5.46, 6.18, 7.23  4.97, 5.46, 6.18, 7.24  4.97, 5.46, 6.18, 7.24    4.97, 5.47, 6.18, 7.24  4.68, 5.28, 5.94, 7.10  4.68, 5.28, 5.94, 7.10  4.68, 5.28, 5.94, 7.10
                               - by yp  3.90, 4.64, 6.28, 8.22  3.90, 4.64, 6.28, 8.22  3.90, 4.64, 6.28, 8.22    3.90, 4.64, 6.28, 8.22  3.80, 4.60, 6.16, 8.06  3.80, 4.60, 6.16, 8.06  3.80, 4.60, 6.16, 8.06
   Fraction paid out of earnings by IQ  0.95, 0.89, 0.80, 0.66  0.78, 0.74, 0.66, 0.56  0.78, 0.73, 0.66, 0.55    0.69, 0.65, 0.58, 0.49  0.71, 0.68, 0.60, 0.47  0.71, 0.68, 0.60, 0.47  0.71, 0.68, 0.60, 0.47
                               - by yp  0.99, 0.82, 0.77, 0.68  0.81, 0.69, 0.65, 0.57  0.80, 0.68, 0.64, 0.56    0.71, 0.61, 0.57, 0.50  0.74, 0.62, 0.59, 0.49  0.74, 0.62, 0.59, 0.49  0.74, 0.62, 0.59, 0.49
----------------------------------------------------------------------------------------------------------------------------------------------------------------------------------------------------------------
