
-----------------------------------------------------------------------------------------------------------------------------------------------------------------
                              Variable                     7/1                   7/124                   7/125                      7/126                   7/127
                                  Case                    1979    Change college costs      Only change bLimit  Only change earn profiles        Change schooling
                               Drivers                                                                                                                           
          PV of lifetime earnings by s  6.27, 6.60, 6.82, 7.17  6.27, 6.60, 6.82, 7.17  6.27, 6.60, 6.82, 7.17     6.39, 6.65, 6.88, 7.13  6.23, 6.57, 6.79, 7.13
               Premium relative to HSG        0.33, 0.22, 0.35        0.33, 0.22, 0.35        0.33, 0.22, 0.35           0.27, 0.22, 0.26        0.34, 0.21, 0.35
              Premium due to selection        0.01, 0.17, 0.10        0.01, 0.17, 0.10        0.01, 0.17, 0.10          -0.06, 0.18, 0.10        0.02, 0.16, 0.10
                     Mean college cost                   2,729                   5,062                   2,729                      2,729                   2,729
                       Borrowing limit                 -21,893                 -21,893                 -27,393                    -21,893                 -21,893
-----------------------------------------------------------------------------------------------------------------------------------------------------------------
                             Schooling                                                                                                                           
                         Fraction by s  0.12, 0.35, 0.28, 0.24  0.12, 0.36, 0.28, 0.24  0.12, 0.36, 0.28, 0.24     0.12, 0.36, 0.29, 0.24  0.15, 0.18, 0.32, 0.35
                     By IQ: frac enter  0.30, 0.49, 0.64, 0.89  0.30, 0.48, 0.64, 0.89  0.30, 0.48, 0.64, 0.89     0.27, 0.49, 0.66, 0.90  0.49, 0.77, 0.85, 0.96
                           - frac grad  0.11, 0.20, 0.29, 0.45  0.11, 0.20, 0.29, 0.45  0.11, 0.20, 0.29, 0.45     0.10, 0.20, 0.29, 0.45  0.22, 0.36, 0.44, 0.58
                     By yp: frac enter  0.30, 0.47, 0.61, 0.83  0.30, 0.47, 0.61, 0.82  0.30, 0.47, 0.61, 0.82     0.33, 0.47, 0.63, 0.83  0.51, 0.59, 0.78, 0.92
                           - frac grad  0.11, 0.21, 0.28, 0.41  0.11, 0.21, 0.28, 0.40  0.11, 0.21, 0.28, 0.40     0.12, 0.21, 0.28, 0.40  0.22, 0.31, 0.41, 0.53
-----------------------------------------------------------------------------------------------------------------------------------------------------------------
                      College Finances                                                                                                                           
                        Earnings by IQ  8.81, 8.33, 7.56, 6.40  8.95, 8.51, 7.78, 6.67  8.80, 8.31, 7.52, 6.37     8.11, 7.72, 7.04, 5.88  8.91, 8.62, 7.66, 6.05
                               - by yp  9.04, 7.72, 7.37, 6.59  9.22, 8.02, 7.59, 6.79  9.00, 7.66, 7.34, 6.59     8.41, 7.09, 6.83, 6.05  9.26, 7.81, 7.47, 6.32
                       Transfers by IQ  4.97, 5.46, 6.18, 7.23  4.97, 5.46, 6.18, 7.24  4.97, 5.46, 6.18, 7.24     4.95, 5.48, 6.14, 7.19  4.68, 5.28, 5.95, 7.10
                               - by yp  3.90, 4.64, 6.28, 8.22  3.90, 4.64, 6.28, 8.22  3.90, 4.64, 6.28, 8.22     3.91, 4.63, 6.29, 8.21  3.80, 4.60, 6.17, 8.07
   Fraction paid out of earnings by IQ  0.95, 0.89, 0.80, 0.66  0.78, 0.74, 0.66, 0.56  0.95, 0.89, 0.79, 0.65     0.84, 0.80, 0.72, 0.59  0.94, 0.91, 0.79, 0.60
                               - by yp  0.99, 0.82, 0.77, 0.68  0.81, 0.69, 0.65, 0.57  0.98, 0.81, 0.77, 0.68     0.88, 0.73, 0.69, 0.60  0.99, 0.81, 0.77, 0.63
-----------------------------------------------------------------------------------------------------------------------------------------------------------------
