
--------------------------------------------------------------------------------------------------------------------------------------
                              Variable                   7/203                   7/202                     7/1                   7/204
                                  Case                    1933                    1960                    1979                    1997
                               Drivers                                                                                                
          PV of lifetime earnings by s  6.71, 6.89, 7.05, 7.25  6.67, 6.93, 7.08, 7.33  6.27, 6.60, 6.82, 7.17  6.29, 6.63, 6.84, 7.10
               Premium relative to HSG        0.18, 0.16, 0.20        0.26, 0.15, 0.24        0.33, 0.22, 0.35        0.35, 0.21, 0.26
              Premium due to selection        0.11, 0.14, 0.11       -0.03, 0.15, 0.12        0.01, 0.17, 0.10        0.02, 0.16, 0.10
                     Mean college cost                   2,448                   2,478                   2,729                   5,062
                       Borrowing limit                       0                       0                 -21,893                 -27,393
--------------------------------------------------------------------------------------------------------------------------------------
                             Schooling                                                                                                
                         Fraction by s  0.33, 0.45, 0.08, 0.14  0.18, 0.36, 0.19, 0.26  0.12, 0.35, 0.28, 0.24  0.15, 0.17, 0.32, 0.36
                     By IQ: frac enter  0.09, 0.20, 0.33, 0.54  0.26, 0.45, 0.59, 0.85  0.30, 0.49, 0.64, 0.89  0.51, 0.78, 0.86, 0.96
                           - frac grad  0.05, 0.10, 0.20, 0.36  0.12, 0.23, 0.34, 0.55  0.11, 0.20, 0.29, 0.45  0.23, 0.36, 0.45, 0.58
                     By yp: frac enter  0.06, 0.22, 0.27, 0.48  0.24, 0.44, 0.57, 0.81  0.30, 0.47, 0.61, 0.83  0.51, 0.60, 0.79, 0.92
                           - frac grad  0.04, 0.14, 0.17, 0.30  0.11, 0.25, 0.33, 0.50  0.11, 0.21, 0.28, 0.41  0.22, 0.31, 0.41, 0.53
--------------------------------------------------------------------------------------------------------------------------------------
                      College Finances                                                                                                
                        Earnings by IQ  5.32, 5.68, 4.71, 3.73  5.68, 5.41, 4.66, 3.78  8.81, 8.33, 7.56, 6.40  8.51, 8.23, 7.36, 5.88
                               - by yp  5.87, 5.54, 4.31, 3.59  6.37, 5.60, 4.55, 3.42  9.04, 7.72, 7.37, 6.59  8.82, 7.56, 7.18, 6.11
                       Transfers by IQ  5.68, 5.05, 6.34, 7.59  5.01, 5.42, 6.20, 7.35  4.97, 5.46, 6.18, 7.23  4.68, 5.28, 5.94, 7.10
                               - by yp  4.16, 4.45, 6.71, 8.32  3.82, 4.63, 6.28, 8.24  3.90, 4.64, 6.28, 8.22  3.80, 4.60, 6.16, 8.06
   Fraction paid out of earnings by IQ  0.53, 0.58, 0.47, 0.37  0.54, 0.51, 0.44, 0.35  0.95, 0.89, 0.80, 0.66  0.71, 0.68, 0.60, 0.47
                               - by yp  0.61, 0.58, 0.43, 0.34  0.62, 0.55, 0.43, 0.31  0.99, 0.82, 0.77, 0.68  0.74, 0.62, 0.59, 0.49
--------------------------------------------------------------------------------------------------------------------------------------
